4.050203279942311829e-02 2.007479458993081251e-02 2.498729798549713041e-02 2.358788340142125781e-02 2.846505696158064744e-02 -1.177175001198823949e-02 -7.146968861023218506e-04 1.089232015765145486e-02 2.779538607107097728e-02 2.818804921999915059e-02 3.635460247255611205e-02 3.936787612616356180e-02 1.818446792372695187e-02 1.268908070822745426e-01 9.260879583975192841e-02 3.858072603585949861e-02 2.382829465980856182e-02 9.620681438059476565e-03 2.121626149186821297e-02 2.783126879349257995e-02
1.131606541854764114e-01 4.900074164910565161e-02 6.982712226308174230e-02 -3.498623964671065956e-02 2.174586781917559053e-02 1.486411713116081723e-01 -2.264970329722100842e-02 8.626750588789620922e-02 -9.096286659106157801e-02 1.878146098357411364e-01 8.112005201622249362e-02 4.425224527743738118e-02 1.379532800405701247e-02 1.498866219779489417e-01 1.303551638062071250e-01 2.124484680201586123e-02 5.167638611390505676e-02 1.711596135842028688e-01 9.427572747898392558e-02 -4.570014226755325648e-02
2.609301128315184570e-01 -1.400501289911829962e-02 1.758574594187116771e-02 3.324053425863843225e-02 3.120133432632284792e-02 8.126991390026951567e-04 7.752462952682724270e-03 3.109038653482418951e-02 6.956256960021678371e-02 2.088749404433625292e-02 -3.580922370232610813e-02 9.548233462916740077e-02 -3.362379144733796538e-02 -1.140819448313673892e-02 -2.911616054302914713e-03 2.933634296932227572e-03 -1.458446018975629449e-02 2.790870026798861897e-02 3.444191729438840499e-02 -1.342018568529690890e-02
-2.834711968888657951e-01 6.340552530885640303e-03 -4.403328628369972825e-02 5.670432760917982346e-02 -7.706043861285692687e-02 -8.843379246266083737e-02 -1.004117717789497211e-01 -1.307355673671009577e-01 -4.711454496355135281e-03 -1.699191061189513074e-01 -6.118669692043106345e-02 -1.122379118737558412e-01 -1.863435305116209750e-01 -2.041828967100898229e-01 -3.589241686796179609e-01 -1.549988109681608162e-01 3.622862289155682342e-02 -2.553275899857021525e-02 -1.539750798875415272e-01 -1.886658409850497931e-01
6.560204932394085586e-02 6.687727334983183114e-02 -7.168262093289483328e-02 1.700714979971572616e-01 3.764603971962127583e-03 1.001718944602266598e-02 2.002925585773161765e-01 3.762729311041897867e-02 1.852990224432615185e-01 -8.871056711719578491e-02 4.953322095671840175e-02 6.810677106330044472e-02 9.176084715706042672e-02 -4.190794690920567750e-02 -6.047363759761417712e-02 3.176474778583223552e-02 -5.233837790423610976e-04 2.000224805855699006e-01 1.836258448641042186e-03 1.430365323529531885e-01
-3.012472760891612977e-01 -1.442689783786511304e-01 -1.961242034877707513e-02 -5.836192533238807600e-01 -5.034645704034108882e-02 -8.487014700824986602e-02 -1.109214024457884779e-01 -2.077939665846395001e-01 -9.169617082373519856e-02 -2.278995301139227492e-01 -9.824711191605554894e-02 -1.341731332189350090e-01 -1.158695853564877115e-01 -1.701513761013148940e-01 4.076685407903867658e-02 -1.364926917704880893e-01 -1.915416542314682946e-01 -1.290029032662060593e-01 -6.329241929897584662e-02 -3.611849270106824803e-03
4.296036474760214774e-02 1.198502655785648463e-01 2.026587316321242782e-01 1.253995729744221133e-01 8.722708923388479418e-02 1.600881620258373939e-01 -5.772094472506160250e-03 1.089870223125166959e-01 -2.317773565992316265e-01 1.150004012844607626e-02 5.497128440811013123e-02 -3.078821685914285844e-01 -3.642845792867874799e-01 4.110147020655220695e-02 1.302066287616731322e-01 -2.989098077183483526e-01 5.204549988376065001e-02 -7.318288395029076340e-03 1.966429871757430781e-01 -1.606769592571588856e-01
2.000674671091748069e-01 1.855999208997198557e-01 2.140413382519845698e-01 5.730770984507546073e-01 7.813217874707363564e-02 2.664547467778302647e-01 2.500102149567006715e-01 1.960232671825133388e-01 -1.091903680651998831e-01 1.921649285842701727e-01 5.242926951753868609e-02 1.072352607592585716e-01 3.738702411477251020e-01 -1.501649837362467599e-01 1.718719484854684121e-01 2.413986005230584486e-01 2.959460380388819756e-01 2.941408175871892405e-01 7.361849321554597703e-02 2.468825943114679733e-01
-1.717557910067298022e-01 -1.783104046783094421e-01 -2.894911056310455755e-01 -5.015499549757869158e-01 -2.060394610193695686e-01 -2.818700223868554344e-01 1.761880211344109270e-02 -1.406524210074927284e-01 -1.467042873274253534e-01 1.177152571076752474e-01 -2.158115934910858347e-01 2.316675058014366212e-02 9.888536021565753897e-02 -2.595609049706498195e-01 -5.704858554885384736e-01 7.320685212388718111e-02 -2.949507048581669413e-02 2.149276568112573962e-02 -4.030035508720551940e-01 -1.379059570372401511e-01
-2.466546419970286896e-01 -3.839079613176523027e-03 2.189438141931001613e-01 3.174149175167557263e-02 1.080949942677642689e-01 1.851242939200454518e-01 2.114143366846045480e-01 4.160810997539547001e-02 -3.777907605621078080e-01 5.745547514558696500e-01 3.845307067255987477e-01 -2.389561141304849881e-02 4.480179893569714578e-01 2.031274935814241511e-01 2.975107111835974538e-01 9.648317569073318334e-02 -1.930037727773220926e-02 2.560510721232462372e-01 3.424482093852123099e-01 3.832543471728429019e-01
3.738747270857250560e-01 -3.029257119300676759e-02 -2.259198500178776214e-01 1.143348310101792720e+00 -1.727234636437272736e-02 -8.189810990811081937e-02 8.064456247757326168e-02 -8.605437644584314205e-02 3.466682243594756407e-01 3.379486992338481266e-01 8.597509444670194123e-02 1.570664352972382105e-01 1.569442978535829369e-01 4.719313367716606589e-01 -4.154473762202662984e-02 -4.292607693257353280e-02 -2.195557927754943905e-01 -1.525831411169099872e-01 1.052168014781532518e-01 1.028387638259232462e-01
-7.891378657798259200e-01 -3.258817491816512479e-02 -1.336865870980338822e-01 5.467396233224862678e-01 7.227117072724792250e-03 -1.790408371142989397e-01 6.782081582117512053e-02 -1.109559537507272403e-01 1.234350896520720747e-01 1.162378314224680742e-01 3.082718270159231708e-02 -1.276865688156609766e-02 2.665263049000383272e-02 5.617549085087499006e-02 -3.355206978936842166e-01 -1.838493120408156711e-01 -1.954380828664039060e-01 -6.161950490531012750e-03 2.804654741732056089e-01 -1.673468549676623285e-01
2.430960298005204190e-01 4.281111855975421876e-01 3.897351084751682904e-01 7.706972731058468751e-02 1.293679296445569005e-01 5.773050324548224532e-01 -9.942819537538355457e-02 4.074846069607710453e-01 8.811425571423354974e-02 1.005460421339251093e-01 1.606774360279037417e-01 -2.838115142213028519e-01 -2.686552330875278255e-02 1.080435949700661480e+00 6.816428607142237528e-01 -9.611886592450515077e-02 3.009390133984301552e-01 5.419117601685183860e-01 5.576361299704423180e-01 -8.496519569383895187e-02
-3.857196695416210686e-01 -2.601738341591297576e-01 3.357814501685935094e-01 -1.249654909767054928e-01 1.684912451349491747e-01 -5.219706835019277680e-01 4.521325641448074029e-01 -1.058112856486785464e-01 -1.639872500406228006e+00 -8.123636581839666082e-02 7.952770200023245861e-02 -7.146081312727158019e-02 -1.504729044867032239e-01 -4.118276813448649154e-01 -1.462122978887158975e-01 1.850357107111163246e-01 4.367963867481233775e-01 -5.185381704262681524e-01 2.750949376182518780e-01 -4.402427735716327173e-01
1.393165586661647248e+00 -1.338371303937947177e-01 -3.452921729281657748e-01 -2.371519775371769556e-01 -1.250214649296802205e-01 -1.916185022612454658e-01 -1.183562783951724873e-01 5.540772411008824255e-02 -5.167854267289933023e-01 -2.284402477852711111e-01 6.807611749042916105e-02 1.586634785516089774e-01 -2.560787433811683722e-01 -6.117842406822082690e-02 5.562233922906577310e-02 -7.063145852121324730e-02 -3.258797520285864890e-01 -2.792447500737206822e-01 -1.304909821417443716e-01 -3.450183128340208460e-01
9.809536291203442560e-02 -3.687434554119371488e-01 -3.963008482352188833e-01 -8.011326727040392059e-01 -8.767506839714325761e-02 1.124986576370864445e-02 -5.301133093703057630e-01 -1.202670354231920591e-01 1.131302397291108264e+00 -3.467299473779184016e-01 -2.819486115368435297e-01 4.722816608636010716e-01 4.123086254133143669e-01 -9.014867665163976973e-01 -3.633047508356632704e-01 7.994693983518715852e-01 1.273242864275466769e-02 -6.326518828094002123e-01 -8.458232746457422513e-01 4.578535591545355304e-02
3.623425624795897915e-01 -1.325010541028820155e-01 2.798270637461437726e-02 -2.250889868470645760e-02 -2.680831261584954231e-02 6.031727415711579665e-02 4.115971841152774591e-01 2.639124812115176688e-01 -2.884489971252466867e-01 4.268910626799267694e-01 1.367463069546082099e-01 -4.297123260782512166e-01 7.300078902764668698e-02 3.271595463068512344e-01 7.360469768992468076e-01 3.021475918234701741e-01 -1.688528115754688308e-01 -2.937412723161420339e-02 6.148662199191170519e-01 6.903254612872224971e-01
-8.195564084311868225e-01 3.536520660101734603e-01 2.216643745496752471e-01 1.595254950493546708e+00 2.894364348533243203e-01 3.088866293962702625e-01 2.136567113825724451e-01 -3.696706031866858234e-03 1.259605426166569453e+00 -2.466045851944576317e-01 -6.420032408739436390e-03 1.352282960607270157e+00 6.813496193348447250e-01 -2.501472977152529586e-01 -4.970880529329528841e-01 4.829867952434322986e-01 3.053379209557452456e-01 -8.529388222858966251e-02 -9.985037546550940002e-02 4.448220224980746762e-01
-1.730791216325162418e+00 1.530207334184816581e-01 3.719265837054472335e-01 -9.874110030590852460e-01 -1.253610152942834233e-01 -3.440470401553578084e-01 -4.921124684388888948e-01 -2.211840129005962219e-01 6.951221121653646806e-01 -7.328174972221279670e-01 1.060027466029871412e-01 -1.031659946049129806e+00 -3.259274975219218079e-02 -7.848402257556024164e-01 1.937258807938553873e-01 -9.605871897309118390e-01 -1.018785564137936195e-01 -6.055650205497609129e-01 -8.252256594872324769e-01 1.678610500300877217e-01
3.854322170267810765e+00 6.930416226405652358e-01 4.089047155806949663e-01 1.504879429136536939e-01 4.966970859951550521e-01 6.466517846163107874e-01 5.907798905868328898e-01 1.002544001738120860e+00 1.575654715019088048e+00 2.259403253225791830e-01 -1.301049509829970974e-01 1.454421643538738707e+00 1.435900868207435899e-01 4.442427129236130035e-01 9.280960373461893953e-01 1.550104446062237518e+00 9.972771435266261086e-01 1.231536688874810048e+00 4.622375045970055635e-02 4.299204142605938528e-01
